Axel Chapelle
27 01 2024 100m 0 0 9 639 0
17 03 2022 100m 0 0 9 931 0
21 09 2023 100m 0 0 10 334 0
23 12 2022 Relais 0 0 41 986 3
05 05 2022 Marathon 2 40 32 191 0
07 11 2022 400m 0 0 45 897 0
29 01 2023 Marathon 2 36 45 087 0
28 02 2024 Relais 0 0 40 780 2
11 07 2022 400m 0 0 47 592 0
09 01 2023 5000m 0 17 06 451 0
20 10 2023 5000m 0 17 24 794 0
16 08 2022 400m 0 0 48 028 0
05 12 2023 Marathon 2 35 39 271 0
17 07 2024 100m 0 0 10 470 0
10 04 2022 400m 0 0 47 713 0
03 08 2023 5000m 0 17 11 454 0
22 06 2024 Relais 0 0 41 571 1
29 09 2023 Marathon 2 32 15 545 0
20 07 2024 100m 0 0 10 189 0
26 02 2022 Relais 0 0 40 288 2
13 06 2022 Relais 0 0 40 941 3
01 05 2024 Relais 0 0 41 345 3
14 08 2023 5000m 0 17 19 459 0
20 11 2023 400m 0 0 46 852 0
16 07 2024 100m 0 0 9 792 0
