Christophe Lemaitre
22 07 2022 400m 0 0 47 231 0
26 08 2023 Marathon 2 33 17 652 0
17 05 2023 5000m 0 17 22 443 0
29 11 2023 400m 0 0 46 894 0
15 06 2024 100m 0 0 9 985 0
18 10 2022 400m 0 0 45 676 0
21 11 2023 100m 0 0 10 337 0
14 09 2023 100m 0 0 10 128 0
03 12 2022 Relais 0 0 41 299 3
30 03 2022 Marathon 2 42 56 340 0
12 08 2022 400m 0 0 48 329 0
20 07 2023 5000m 0 16 58 928 0
04 10 2023 Marathon 2 31 28 547 0
18 09 2023 5000m 0 17 10 276 0
10 04 2024 Relais 0 0 39 785 2
13 01 2022 100m 0 0 9 894 0
29 06 2024 Relais 0 0 40 453 1
02 03 2022 400m 0 0 47 762 0
07 08 2023 Marathon 2 37 15 291 0
24 04 2024 100m 0 0 10 240 0
11 02 2022 Relais 0 0 40 181 2
06 05 2022 Relais 0 0 39 562 3
09 01 2024 100m 0 0 9 673 0
17 03 2024 Relais 0 0 41 894 3
05 01 2023 5000m 0 16 45 765 0
