Dimitri Bascou
24 02 2024 Relais 0 0 40 681 2
17 03 2022 100m 0 0 9 882 0
29 09 2023 Marathon 2 32 19 553 0
06 04 2022 400m 0 0 47 564 0
04 08 2023 5000m 0 17 12 195 0
11 10 2023 5000m 0 17 20 856 0
04 12 2023 Marathon 2 34 14 327 0
09 07 2024 100m 0 0 10 378 0
14 11 2023 400m 0 0 46 999 0
10 01 2023 Marathon 2 36 12 450 0
29 01 2024 100m 0 0 9 719 0
15 07 2024 100m 0 0 10 278 0
25 06 2024 Relais 0 0 41 577 1
22 07 2024 100m 0 0 9 876 0
09 06 2022 400m 0 0 47 895 0
11 02 2023 5000m 0 17 08 674 0
30 12 2022 400m 0 0 45 283 0
22 02 2022 Relais 0 0 40 382 2
05 06 2022 Relais 0 0 40 691 3
02 05 2024 Relais 0 0 41 840 3
20 08 2022 400m 0 0 48 671 0
25 10 2023 100m 0 0 10 422 0
19 03 2022 Relais 0 0 41 273 3
18 05 2022 Marathon 2 39 51 344 0
03 09 2023 5000m 0 17 11 925 0
