Jimmy Vicaut
11 10 2023 400m 0 0 46 365 0
22 08 2024 100m 0 0 9 291 0
06 07 2024 100m 0 0 10 656 0
17 06 2022 400m 0 0 47 289 0
23 11 2023 100m 0 0 10 721 0
15 04 2022 Marathon 2 38 56 912 0
13 03 2022 Relais 0 0 41 127 3
25 12 2022 400m 0 0 45 447 0
14 02 2022 Relais 0 0 40 508 2
29 05 2022 Relais 0 0 41 177 3
01 02 2023 5000m 0 17 03 645 0
21 01 2024 100m 0 0 10 754 0
26 04 2024 Relais 0 0 41 934 3
08 08 2022 400m 0 0 48 154 0
13 10 2023 5000m 0 17 20 581 0
28 11 2023 Marathon 2 34 18 743 0
04 04 2022 400m 0 0 47 232 0
30 07 2023 5000m 0 17 12 209 0
20 01 2023 Marathon 2 35 22 619 0
09 07 2024 100m 0 0 10 814 0
05 09 2023 5000m 0 17 17 954 0
19 06 2024 Relais 0 0 41 847 1
17 02 2024 Relais 0 0 40 359 2
12 03 2022 100m 0 0 9 785 0
15 09 2023 Marathon 2 32 17 167 0
