Kevin Mayer
12 03 2023 5000m 0 16 56 286 0
17 11 2022 Relais 0 0 40 677 3
23 12 2022 400m 0 0 45 238 0
18 06 2024 Relais 0 0 40 569 1
14 07 2022 400m 0 0 47 430 0
01 06 2022 Relais 0 0 40 899 3
14 09 2023 400m 0 0 46 798 0
10 02 2022 100m 0 0 9 787 0
07 08 2023 Marathon 2 33 19 556 0
05 07 2022 400m 0 0 48 235 0
18 10 2023 100m 0 0 10 454 0
24 11 2023 100m 0 0 10 493 0
27 02 2024 100m 0 0 9 572 0
19 04 2024 Relais 0 0 41 781 3
30 06 2024 100m 0 0 9 932 0
20 10 2023 5000m 0 16 53 913 0
05 09 2023 Marathon 2 32 25 344 0
29 07 2023 5000m 0 17 10 125 0
21 03 2024 Relais 0 0 39 686 2
22 04 2022 Marathon 2 39 45 567 0
09 08 2023 5000m 0 17 12 478 0
15 01 2023 Marathon 2 36 27 129 0
11 05 2024 100m 0 0 10 290 0
03 05 2022 400m 0 0 47 639 0
08 04 2022 Relais 0 0 39 198 2
