Mahiedine Mekhissi-Benabbad
03 04 2022 Marathon 2 40 32 190 0
07 07 2022 400m 0 0 47 599 0
12 08 2023 5000m 0 17 19 458 0
27 01 2023 Marathon 2 36 45 087 0
18 07 2024 100m 0 0 10 186 0
20 06 2024 Relais 0 0 41 575 1
24 02 2022 Relais 0 0 40 284 2
11 06 2022 Relais 0 0 40 943 3
25 01 2024 100m 0 0 9 632 0
08 04 2022 400m 0 0 47 711 0
03 12 2023 Marathon 2 35 39 270 0
15 07 2024 100m 0 0 10 471 0
26 02 2024 Relais 0 0 40 782 2
31 07 2023 5000m 0 17 11 453 0
18 11 2023 400m 0 0 46 854 0
18 10 2023 5000m 0 17 24 795 0
15 03 2022 100m 0 0 9 936 0
22 09 2023 Marathon 2 32 15 547 0
14 07 2024 100m 0 0 9 798 0
21 12 2022 Relais 0 0 41 989 3
10 01 2023 5000m 0 17 05 340 0
30 04 2024 Relais 0 0 41 349 3
05 11 2022 400m 0 0 45 898 0
15 08 2022 400m 0 0 48 027 0
20 09 2023 100m 0 0 10 336 0
