Mickaël Hanany
20 03 2022 Relais 0 0 40 083 2
04 05 2022 400m 0 0 47 322 0
01 08 2023 5000m 0 17 12 091 0
13 07 2023 5000m 0 17 15 450 0
09 07 2024 100m 0 0 10 391 0
21 06 2024 Relais 0 0 41 472 1
27 12 2022 400m 0 0 45 893 0
28 04 2024 Relais 0 0 41 344 3
09 08 2022 400m 0 0 48 545 0
15 10 2023 5000m 0 17 20 816 0
30 11 2023 Marathon 2 35 18 437 0
02 06 2022 Relais 0 0 40 778 3
11 01 2024 100m 0 0 9 539 0
21 10 2023 400m 0 0 46 650 0
25 07 2024 100m 0 0 9 989 0
19 11 2023 100m 0 0 10 128 0
03 05 2022 Marathon 2 41 56 127 0
16 02 2024 Relais 0 0 40 596 2
15 03 2022 100m 0 0 9 855 0
29 09 2023 Marathon 2 32 17 674 0
16 02 2022 Relais 0 0 41 273 3
08 02 2023 5000m 0 17 05 342 0
06 06 2022 400m 0 0 47 321 0
05 02 2023 Marathon 2 37 22 190 0
07 07 2024 100m 0 0 10 141 0
