Morhad Amdouni
15 03 2023 100m 0 0 10 523 0
23 07 2022 Marathon 2 42 45 564 0
07 11 2023 5000m 0 17 09 345 0
12 05 2022 Relais 0 0 41 656 3
19 09 2023 400m 0 0 47 227 0
27 10 2023 Marathon 2 37 48 128 0
05 08 2023 5000m 0 17 23 789 0
14 06 2024 100m 0 0 9 870 0
01 12 2022 Relais 0 0 40 129 2
11 04 2024 400m 0 0 45 548 0
09 02 2023 100m 0 0 9 987 0
17 05 2022 Marathon 2 39 18 346 0
28 09 2023 Relais 0 0 40 895 3
04 03 2024 5000m 0 17 12 564 0
23 07 2023 400m 0 0 46 393 0
11 10 2023 5000m 0 17 17 442 0
19 01 2024 Relais 0 0 41 271 3
05 05 2022 100m 0 0 10 330 0
14 08 2023 400m 0 0 47 681 0
30 11 2023 Marathon 2 34 29 452 0
26 06 2024 100m 0 0 10 423 0
21 03 2022 Relais 0 0 40 784 2
02 02 2023 5000m 0 17 05 675 0
09 07 2024 Relais 0 0 41 596 1
04 12 2023 Marathon 2 32 22 677 0
