Pascal Martinot-Lagarde
15 01 2023 Marathon 2 36 27 128 0
27 02 2024 100m 0 0 9 577 0
08 04 2022 Relais 0 0 39 196 2
20 10 2023 5000m 0 16 54 915 0
05 09 2023 Marathon 2 32 25 344 0
10 02 2022 100m 0 0 9 783 0
24 11 2023 100m 0 0 10 492 0
19 04 2024 Relais 0 0 41 781 3
12 03 2023 5000m 0 16 56 340 0
11 05 2024 100m 0 0 10 291 0
09 08 2023 5000m 0 17 13 472 0
23 12 2022 400m 0 0 45 233 0
14 07 2022 400m 0 0 47 454 0
17 11 2022 Relais 0 0 40 675 3
18 06 2024 Relais 0 0 40 566 1
01 06 2022 Relais 0 0 40 897 3
18 10 2023 100m 0 0 10 458 0
22 04 2022 Marathon 2 39 45 569 0
14 09 2023 400m 0 0 46 900 0
03 05 2022 400m 0 0 47 639 0
29 07 2023 5000m 0 17 15 128 0
21 03 2024 Relais 0 0 39 687 2
07 08 2023 Marathon 2 33 19 556 0
30 06 2024 100m 0 0 9 935 0
05 07 2022 400m 0 0 48 224 0
