Pierre-Ambroise Bosse
16 02 2024 Relais 0 0 40 592 2
19 11 2023 100m 0 0 10 123 0
03 05 2022 Marathon 2 41 56 124 0
13 07 2023 5000m 0 17 15 455 0
21 10 2023 400m 0 0 46 656 0
25 07 2024 100m 0 0 9 987 0
27 12 2022 400m 0 0 45 898 0
29 09 2023 Marathon 2 32 17 679 0
05 02 2023 Marathon 2 37 22 190 0
20 03 2022 Relais 0 0 40 089 2
02 06 2022 Relais 0 0 40 778 3
11 01 2024 100m 0 0 9 537 0
16 02 2022 Relais 0 0 41 276 3
28 04 2024 Relais 0 0 41 345 3
08 02 2023 5000m 0 17 05 344 0
09 07 2024 100m 0 0 10 393 0
21 06 2024 Relais 0 0 41 472 1
09 08 2022 400m 0 0 48 541 0
15 10 2023 5000m 0 17 20 810 0
30 11 2023 Marathon 2 35 18 431 0
15 03 2022 100m 0 0 9 852 0
04 05 2022 400m 0 0 47 323 0
01 08 2023 5000m 0 17 12 094 0
06 06 2022 400m 0 0 47 325 0
