Quentin Bigot
03 05 2022 400m 0 0 47 631 0
29 07 2023 5000m 0 17 10 122 0
05 07 2022 400m 0 0 48 223 0
07 08 2023 Marathon 2 33 19 554 0
12 03 2023 5000m 0 16 56 345 0
17 11 2022 Relais 0 0 40 676 3
23 12 2022 400m 0 0 45 237 0
22 04 2022 Marathon 2 39 45 568 0
09 08 2023 5000m 0 17 12 479 0
14 09 2023 400m 0 0 46 780 0
01 06 2022 Relais 0 0 40 899 3
18 10 2023 100m 0 0 10 458 0
27 02 2024 100m 0 0 9 577 0
14 07 2022 400m 0 0 47 436 0
20 10 2023 5000m 0 16 54 915 0
05 09 2023 Marathon 2 32 25 344 0
30 06 2024 100m 0 0 9 933 0
21 03 2024 Relais 0 0 39 682 2
10 02 2022 100m 0 0 9 781 0
24 11 2023 100m 0 0 10 490 0
18 06 2024 Relais 0 0 40 561 1
19 04 2024 Relais 0 0 41 782 3
15 01 2023 Marathon 2 36 27 123 0
11 05 2024 100m 0 0 10 294 0
08 04 2022 Relais 0 0 39 195 2
