Renaud Lavillenie
15 08 2023 Relais 0 0 42 299 1
26 04 2022 400m 0 0 49 638 0
18 10 2023 5000m 0 16 56 327 0
13 09 2023 Marathon 2 32 18 556 0
03 04 2024 100m 0 0 11 875 0
12 11 2023 Marathon 2 37 12 344 0
03 06 2024 100m 0 0 10 473 0
30 03 2023 100m 0 0 10 562 0
24 02 2022 Marathon 2 25 34 811 0
18 12 2022 Relais 0 0 42 760 3
24 01 2022 Relais 0 0 41 581 2
07 04 2022 Relais 0 0 40 892 4
08 02 2024 Relais 0 0 40 833 2
21 07 2022 100m 0 0 9 654 0
09 03 2024 100m 0 0 10 395 0
24 02 2024 Relais 0 0 42 516 3
28 05 2022 400m 0 0 46 207 0
14 07 2023 5000m 0 17 23 898 0
06 04 2024 400m 0 0 47 679 0
24 09 2022 Marathon 2 38 13 450 0
18 12 2022 5000m 0 17 42 751 0
19 11 2023 400m 0 0 48 512 0
09 04 2023 5000m 0 17 36 253 0
27 09 2022 400m 0 0 54 704 0
30 07 2023 100m 0 0 10 303 0
