Teddy Tamgho
13 06 2022 Relais 0 0 40 947 3
16 08 2022 400m 0 0 48 028 0
09 01 2023 5000m 0 17 06 459 0
03 08 2023 5000m 0 17 11 450 0
21 09 2023 100m 0 0 10 339 0
11 07 2022 400m 0 0 47 598 0
29 09 2023 Marathon 2 32 15 547 0
16 07 2024 100m 0 0 9 796 0
07 11 2022 400m 0 0 45 895 0
26 02 2022 Relais 0 0 40 284 2
28 02 2024 Relais 0 0 40 783 2
17 03 2022 100m 0 0 9 932 0
05 05 2022 Marathon 2 40 32 191 0
20 10 2023 5000m 0 17 24 790 0
05 12 2023 Marathon 2 35 39 271 0
17 07 2024 100m 0 0 10 472 0
22 06 2024 Relais 0 0 41 573 1
20 11 2023 400m 0 0 46 854 0
20 07 2024 100m 0 0 10 185 0
01 05 2024 Relais 0 0 41 346 3
10 04 2022 400m 0 0 47 717 0
29 01 2023 Marathon 2 36 45 088 0
23 12 2022 Relais 0 0 41 989 3
14 08 2023 5000m 0 17 19 450 0
