Wilhem Belocian
04 08 2023 5000m 0 17 12 195 0
29 09 2023 Marathon 2 32 19 554 0
11 02 2023 5000m 0 17 08 673 0
09 06 2022 400m 0 0 47 892 0
09 07 2024 100m 0 0 10 371 0
25 06 2024 Relais 0 0 41 570 1
22 07 2024 100m 0 0 9 871 0
06 04 2022 400m 0 0 47 562 0
15 07 2024 100m 0 0 10 273 0
22 02 2022 Relais 0 0 40 384 2
05 06 2022 Relais 0 0 40 695 3
25 10 2023 100m 0 0 10 426 0
24 02 2024 Relais 0 0 40 687 2
17 03 2022 100m 0 0 9 888 0
04 12 2023 Marathon 2 34 14 329 0
14 11 2023 400m 0 0 46 990 0
10 01 2023 Marathon 2 36 12 459 0
02 05 2024 Relais 0 0 41 848 3
20 08 2022 400m 0 0 48 677 0
11 10 2023 5000m 0 17 20 856 0
18 05 2022 Marathon 2 39 51 345 0
19 03 2022 Relais 0 0 41 274 3
03 09 2023 5000m 0 17 11 923 0
30 12 2022 400m 0 0 45 282 0
29 01 2024 100m 0 0 9 711 0
