Yohann Diniz
11 02 2023 5000m 0 17 08 670 0
09 06 2022 400m 0 0 47 891 0
25 10 2023 100m 0 0 10 422 0
18 05 2022 Marathon 2 39 51 343 0
03 09 2023 5000m 0 17 11 924 0
14 11 2023 400m 0 0 46 995 0
22 07 2024 100m 0 0 9 876 0
19 03 2022 Relais 0 0 41 277 3
30 12 2022 400m 0 0 45 288 0
10 01 2023 Marathon 2 36 12 459 0
15 07 2024 100m 0 0 10 270 0
22 02 2022 Relais 0 0 40 389 2
05 06 2022 Relais 0 0 40 698 3
29 01 2024 100m 0 0 9 717 0
02 05 2024 Relais 0 0 41 846 3
20 08 2022 400m 0 0 48 675 0
11 10 2023 5000m 0 17 20 854 0
04 12 2023 Marathon 2 34 14 323 0
09 07 2024 100m 0 0 10 372 0
25 06 2024 Relais 0 0 41 571 1
06 04 2022 400m 0 0 47 560 0
04 08 2023 5000m 0 17 12 191 0
24 02 2024 Relais 0 0 40 682 2
17 03 2022 100m 0 0 9 883 0
29 09 2023 Marathon 2 32 19 554 0
